194564
974232
532528
475039
918614
322560
219431
921459
579265
913645
416841
36836
324430
961701
115343
653957
168636
101442
797781
977283
976810
858624
933109
640531
856557
483557
418529
964394
439756
127431
558287
915502
246442
166174
884960
268645
767578
240353
187403
221129
473799
42287
863548
391605
352392
765466
964913
215070
500348
710648
10266
476242
60047
948747
431869
677620
592666
1258
274226
464034
533328
956275
903317
3726
161791
589946
896367
801140
319988
228172
265974
604361
911318
74887
589750
825355
442697
661711
768422
426317
889085
192715
316157
776315
743422
376447
981100
92404
163109
405624
702111
896400
643773
892999
703667
721243
52399
834540
255055
823231
231195
196236
695898
103470
335779
419090
988615
434498
365730
178785
201841
337501
368963
505901
819337
291614
635546
923239
520886
285768
614919
735285
780102
404879
24257
197659
250203
947301
396778
911482
24853
109391
285222
448409
315182
597940
208048
728799
433805
794120
739020
214951
437730
476654
256066
816076
562903
492731
745893
89334
697457
396607
879788
694282
81718
645358
80597
522422
286856
824290
881617
746930
303979
783650
404841
221431
318407
684453
951481
581551
179271
818638
813842
240866
257055
71695
567383
98614
179640
731438
293040
948467
982477
190278
756200
606052
84418
5321
184181
181454
130412
116102
445269
512102
405878
760921
75833
385717
764430
566728
431179
338246
871945
623986
529697
57095
432339
494676
358444
797141
130564
499038
478847
241716
702962
614211
201515
250420
819590
51052
602920
554565
528092
776273
764831
645262
486077
664767
400189
945663
89366
697657
942887
471280
861423
575
679323
307744
245115
834486
26525
947737
227459
944725
309845
729199
164953
11053
780522
203039
909736
385777
371814
343631
303146
223247
784336
5300
755318
371562
624041
48413
552438
463010
710998
936293
536872
695113
272727
169518
705011
10582
466308
541938
272163
296783
396705
583030
453238
864382
463845
109870
729406
271970
130699
830287
309730
208295
488618
38444
208341
386956
157964
801639
780008
40559
442874
113854
62289
542070
35839
922526
475192
456481
463193
962491
184972
396543
552403
909656
515786
779445
863372
278740
780792
376371
834972
951198
950746
157268
96872
326825
205083
696995
338987
903031
327115
894344
742774
269315
215230
864517
439113
194954
915313
80397
519068
870382
604398
917618
59754
72207
9279
382490
786812
547766
568824
248165
638534
384981
74912
756459
84306
630851
305440
103797
388289
57410
408915
970652
366404
7732
906434
805505
917740
192263
716167
941103
841052
253561
620153
856174
510655
161351
521195
114818
598580
631232
188970
224348
122290
32924
13149
968040
165784
949893
53767
850976
962550
580321
567747
190487
737666
64495
293377
488321
162860
211887
36279
819692
891420
807502
315989
99615
17431
450843
665746
696701
638724
264374
792417
455830
288443
581933
449254
169580
839100
718851
186610
801368
604500
767002
620557
145445
292717
220084
101951
170871
521408
167206
603649
514989
958421
817018
203724
838981
403280
504718
902073
549320
729170
777640
60233
450130
713616
741228
591381
303314
692760
637360
733636
942698
897364
370438
926469
866214
746139
625838
436139
425433
128386
394908
209560
244372
675308
756045
382866
349705
771618
489745
555949
890414
733117
83030
290944
448856
135612
359669
717399
696835
59906
718889
25388
354223
63633
132501
430034
343794
94837
926386
582249
714249
973719
487558
842091
692227
121315
495932
161282
311872
188707
275756
103674
736715
767199
542249
277096
742056
157100
55083
176798
66158
64039
108089
626318
789011
476875
855580
453173
925080
787669
324441
38976
197744
650819
638440
16988
273969
714066
683628
104851
975249
713641
908300
836088
224887
941215
62168
394780
370291
311133
653854
269489
686322
36521
932648
128069
992961
902326
845931
402543
761201
31145
110841
24012
576338
791076
478753
680515
166872
454295
998334
495388
716703
891360
841893
452205
167776
545435
967796
53734
649115
664035
199306
823616
806426
105739
888767
16705
698673
57778
451445
636597
110705
429818
68076
191702
737712
426833
286098
250876
217938
17574
192851
5269
201873
584988
676543
334734
272362
527773
12623
963192
833148
679608
458094
583576
71750
491588
741599
97179
877857
877519
200732
221817
151073
623945
109845
627809
861155
572818
499132
810862
914280
154750
911750
113671
797514
515368
136793
678345
345352
388108
381019
87169
42759
493218
805595
378961
559407
534837
372755
768399
506613
557513
862426
736679
570952
838734
221967
215846
422234
577334
129709
602413
103355
493057
775338
41972
572958
406089
663671
592560
938526
518260
783251
281737
429486
737967
60690
480865
483479
455993
947752
265211
425363
631099
513793
488995
198771
788412
202505
880978
344608
827860
482276
380472
816320
231813
687793
739364
548533
472685
771134
823659
881896
37717
726909
553803
874763
395942
232747
674246
246367
154215
186578
415434
320355
642315
92714
11922
846394
374164
994767
863369
458024
73127
499383
567649
741321
270335
533166
108669
677372
516869
139234
657151
217642
208012
407407
913989
395419
214539
975975
380754
85692
404355
835120
454952
174945
608394
808521
462844
557939
989417
437110
210080
884688
564362
784426
387958
919936
983137
519308
819893
988669
199322
714292
987958
283953
479044
186129
310699
476232
64302
440570
662479
541052
33317
929980
312918
969137
807623
209814
331591
168433
273823
864826
794493
730569
470035
158436
479981
560945
744538
792711
912370
921249
922338
810437
386113
364641
695008
886695
872904
795512
123655
606854
473757
938205
30225
346716
659468
263797
268500
288766
24430
496611
906424
528021
976370
938033
53927
26192
27559
893634
39225
751570
95125
285523
871283
152995
862824
700285
521415
344997
694833
141519
771949
783912
446162
326566
579963
45014
158021
19445
77822
932684
330798
611932
98995
77478
625683
518324
808458
468141
923312
291355
682970
706177
200919
185738
310436
521870
262047
880731
604555
410891
449859
353432
785422
838929
536300
382427
316211
663364
810928
981670
51460
838552
123572
829603
514898
322181
664156
847525
684407
592283
299085
407216
341220
910790
798493
531902
18758
183065
879781
716146
361372
91329
616114
664443
237119
597735
37826
507705
624421
243893
336581
273865
378138
775910
489261
848373
237572
832832
491141
308545
946094
645360
715831
347210
467625
460362
457338
778432
665308
21882
240789
970983
308723
285858
868934
242924
167111
194361
807624
279107
619221
95407
40042
712943
499149
737262
239212
840259
978410
349628
474904
50378
402363
476990
522602
920125
246497
823369
269011
168803
670418
583591
322079
211979
488594
305050
91686
337643
312564
211285
702171
77397
345263
140792
144775
369988
753591
510873
367488
978241
288510
219806
940309
158571
605199
333432
575261
831423
529160
967554
289746
266096
726435
556606
203150
882944
318103
651326
118362
415608
649967
817170
256877
422971
789280
488099
523052
552270
888793
78181
85242
268798
278662
715344
193406
499425
557201
88371
353999
782665
229278
808058
240727
313284
612940
369224
58525
794955
465023
227882
907901
635089
917929
169834
106306
288653
778732
382695
163167
520375
140017
261549
630777
645725
351070
237187
459670
759501
209666
910340
551438
434691
186051
965691
335491
222697
320504
521437
462817
963337
533276
782574
712681
738425
579602
863132
685099
47304
846469
380857
303744
199291
503234
430723
324997
604974
439606
735056
103844
863050
452186
542399
224209
32087
980164
810477
283394
345036
705856
841912
527188
201031
394595
106456
869079
772099
612904
213028
224752
412294
57562
595263
314813
746237
876160
698196
720263
824828
268888
600202
270322
186917
439368
243795
735691
677972
157888
422585
726044
951717
738674
268671
224059
334427
880121
488437
294402
680820
249650
609900
344835
931635
612984
587924
394911
277947
449638
868849
656682
861002
762661
328050
149126
340245
294393
417755
971127
324968
818021
44553
996516
846328
998680
416496
193786
932980
482743
823419
892712
406608
634490
754139
282220
432756
110056
766357
588212
127398
14446
86975
416847
59673
746669
498907
840830
672352
333757
782572
691202
383500
301919
369125
870744
76187
956708
6369
953215
976715
800151
183814
197543
43668
664589
821694
295737
521584
769819
272938
451244
614758
622483
838583
302681
364986
463867
491869
599121
337232
235937
785907
431550
65343
728173
872918
7817
296858
977624
372234
766565
545140
549330
241703
952201
78325
706534
654080
924489
206292
85033
125477
143792
231059
612190
20250
737835
656505
800704
226245
61145
695421
157624
529429
385452
994354
859660
725570
374686
586478
996478
171705
731833
646716
85281
880105
402441
22689
880352
42722
39424
879848
547758
72954
972273
418544
173456
527820
893534
577513
453007
531889
134994
458154
328441
992361
656348
791092
538846
599801
907990
798975
642383
202358
654700
145422
862125
993921
976532
533029
875715
320996
620545
178840
553508
35536
633179
765996
200895
163238
156710
916506
768624
290379
78576
280783
414158
76571
703269
261338
273080
422860
416054
313451
411076
310389
332690
368392
264548
613979
215144
337394
524148
13285
266447
990256
725355
254425
207115
750433
849532
158902
40554
388460
846600
787927
510733
692620
739344
812334
920434
275111
338623
76322
539965
49465
400055
223062
420115
751788
854810
366713
521640
690599
864750
86916
484498
89131
700341
487447
286212
666511
530823
462291
637656
872203
782739
942277
215034
623928
546090
651060
216456
616271
792718
520647
212979
97500
175335
955491
662835
106808
315879
32487
262588
410373
527505
207997
857756
830042
98114
564225
86236
465291
431955
723662
212277
655077
432426
844342
597261
505865
971168
630931
490653
107244
152670
956636
560726
829667
489173
346574
48131
697077
696763
92887
247327
478683
334114
662496
74799
447868
717757
515170
255280
44852
275069
216828
699530
628479
912859
68446
124335
242382
484667
796339
856572
303436
899986
188327
20394
414067
689808
952158
308
120419
335081
749340
540359
922000
125136
767074
349337
977774
504900
734048
734632
108222
334909
979778
279064
849971
619514
91690
967351
671977
706414
876470
469100
668231
850541
537831
163029
795100
188688
441050
31814
245036
193503
815548
195105
161347
731878
188505
834519
3650
622814
235925
13083
91637
500925
69030
55929
341524
272833
119604
484569
778172
941083
46438
610176
694839
218529
471612
815277
284504
370574
672877
799287
720052
791431
805534
816950
527920
726781
400792
134084
813529
233311
605424
289816
834563
294391
649418
277121
410250
76338
550269
930353
531446
345060
407266
98247
682984
955362
495459
580230
774055
490422
768957
643390
880463
480953
512311
685578
660127
472613
96494
806925
754237
653506
963287
191272
235660
394435
647091
214770
175414
216593
726288
369970
358918
864014
831429
420037
732953
353274
123300
352579
129121
675787
379356
332892
451991
593539
719010
504061
111415
437632
778958
702595
376852
239251
969462
340382
334766
255779
827558
218795
716389
70011
515045
854044
573517
455503
111847
156980
573009
293291
894567
828879
406746
755707
214563
134336
854084
744535
114243
306263
27166
829677
417708
663465
31646
497228
369457
515331
33229
585406
95951
192088
52318
674259
412710
929267
220403
965955
166629
594569
298752
613873
483900
517122
555267
534596
547783
870990
244544
354510
323599
653649
487109
226107
21609
177557
834983
962606
681917
466462
974812
330112
657218
333576
822798
71106
661785
678049
354135
263044
6124
7229
897142
808603
709474
821896
123186
573446
355713
678042
990876
795027
297969
877019
953220
548178
512138
63966
348874
699700
167581
350540
463498
768462
891183
194932
322658
305303
383509
781137
872908
835064
228163
616320
74321
402538
5592
946587
471796
505779
45274
178021
293773
44925
948599
786828
347105
863129
447236
236396
28812
925371
326541
82250
911235
972945
263423
114886
193544
342762
885582
881374
759925
156897
354815
463363
965476
798422
988159
978486
159996
712747
637021
948808
810870
411240
172100
763405
671584
300732
254686
846559
531009
217366
3483
373151
220738
643316
891652
542970
227162
801060
6173
429461
754723
48179
206883
792552
122344
733132
721342
705392
625137
218079
418605
432539
874960
179937
206133
812965
777679
25684
766940
828877
905690
888884
866796
868749
925048
457084
862098
649231
540316
805168
916853
140651
99610
258124
165222
110152
658930
803100
895793
666071
279364
621399
850805
819034
899998
641153
816815
674072
970185
972071
751713
911326
557444
82482
527881
826926
553943
82901
108902
765418
428843
233146
416063
277243
905182
926046
850068
751069
429552
960655
140866
506592
521567
69482
715089
306315
361913
482588
699123
734445
622077
582857
708675
806888
209276
320924
981260
446643
794832
850014
698970
673090
402114
551383
722030
833335
779575
905411
608499
972952
693814
819574
756984
822820
923663
849757
306666
84123
419179
338461
74390
892931
590684
917894
647025
629241
808787
343776
243361
316130
364131
255332
793961
158288
796153
435028
992067
914414
214363
46468
429917
384966
414927
417177
132572
444786
605438
855337
151027
650469
70909
230033
794124
499927
162505
52646
311658
710691
132107
401860
421080
199434
275698
131697
392274
709864
598465
926691
354691
694887
480151
627757
791194
702722
420637
412754
261166
499206
498925
909706
2309
404552
74260
325360
792888
250018
982835
521853
486858
660121
356855
450456
169930
573898
307373
491271
706554
630461
517098
605681
693173
781380
416670
918388
200999
788782
868051
266839
333720
115766
571325
519603
169986
859988
638212
427860
245219
630239
557697
887618
730527
60615
978532
129166
680979
228888
592915
532421
572853
37331
453681
212739
91963
84058
920348
997565
929731
822570
42813
816448
605739
948659
839629
494550
257064
270465
54305
642735
281709
550158
661033
498858
537763
49402
775536
929367
776795
926627
454019
168338
835273
407210
764438
223276
128615
637227
751946
928638
252156
771282
184184
247843
284551
662769
45020
745023
375229
909137
837137
499045
589027
562033
400868
269004
251730
972891
404238
780111
641018
546559
669569
451009
899044
465003
409800
161246
114491
346169
663595
573962
7297
502085
564916
546604
168034
331388
386351
127810
437185
359311
24027
954898
539634
703665
701030
212568
395629
956681
991668
845710
567780
669930
109332
643897
910684
402695
33633
516052
516882
827752
141754
864301
880850
898922
241751
495102
976076
863436
209112
918925
977022
504869
77355
883170
612603
279933
393519
50081
663221
20130
891513
926029
743710
433720
204685
679715
387589
778809
888799
200026
532434
196201
766380
819467
552845
716031
827355
832644
205964
540637
839274
550435
258580
919775
809224
752261
748868
819273
696455
329343
564566
740941
540684
924769
37734
655431
574790
309494
383954
41727
12264
569182
959649
334049
246058
618808
20406
677173
206094
459989
151473
796395
168833
364623
665742
455720
277781
784230
135157
224864
456441
490996
705376
597590
486048
888115
188247
745162
368056
854569
431019
822728
324999
58798
255288
435396
906276
168805
630080
998339
356818
85471
877563
686411
203034
495447
262418
544647
370733
899070
445729
627018
530192
603498
90512
626262
686103
357476
562587
321088
822385
969231
232680
18223
845805
457272
560140
824846
418406
326163
669995
862944
494478
619704
176565
574875
334100
474668
518583
284143
481112
973892
557021
803947
598999
487697
72224
543903
516248
559595
192537
476149
693437
919251
807580
709590
959254
905299
738848
339870
235794
33058
79205
179045
552240
983122
701822
946491
586756
978970
710480
450022
186619
791137
659325
974477
404992
458692
822746
37897
747174
241247
193529
614936
613639
815307
521813
158628
519938
750053
164970
853001
885067
59745
937481
316605
147137
256542
219
584951
876326
576970
237658
470096
997487
427678
596440
388009
480914
239360
806866
111691
300761
668916
220797
892478
148737
843794
435078
867111
945876
335719
166227
777116
666659
174182
936534
392716
17338
469094
578599
897934
471664
252865
892939
478371
384962
727111
37219
9683
200877
576489
797499
68339
47190
671058
645747
584517
986744
472407
653131
931464
90211
102440
733073
967094
338045
212493
718415
475689
365873
726422
612960
739984
991290
14134
973672
52494
505195
816857
903272
863230
349360
972358
109384
847180
167668
575427
619021
771597
511537
954192
932301
853276
76354
29327
401040
442384
386238
97305
196137
338162
284838
659196
961044
575919
248948
185874
829171
81953
651528
123830
948793
184494
558478
748293
83022
465327
370554
75048
835305
818683
682816
534804
517426
405698
409321
751056
432976
206580
865734
452950
476678
987754
692600
246470
889119
283541
285424
150461
282765
99582
577081
688713
876566
235375
667706
993910
233058
503690
890677
532298
500838
134582
300227
39314
619232
432582
439289
137900
487005
969575
173291
33680
232259
527897
309129
741244
928528
777146
843399
115821
982936
34458
595790
805911
791533
181027
69888
796474
580490
152842
46269
532595
501384
617451
653953
163507
723731
134246
342763
516926
40312
784066
579295
151871
989879
627917
312285
101654
440409
274173
669354
870662
314843
803363
45227
731728
874706
363984
227554
132466
575701
945701
903437
758027
603739
931041
335731
91766
588500
223400
239734
262960
208180
793035
186218
958496
982153
688501
419122
59337
823092
851907
724667
133057
13515
813854
103729
176494
116623
991563
352421
377643
287072
278111
143376
340345
567966
572929
350074
680569
840992
388823
297925
664931
982075
156367
600647
610685
138653
870164
524890
438580
978339
608421
47156
131
467041
378148
789872
126439
971927
452245
1776
830050
334830
821296
437232
810744
291754
972523
912653
465856
494605
223161
226808
987407
874608
123301
696380
212204
10760
956425
215872
521229
358785
74323
585320
826037
765491
796940
999575
956938
973972
403311
612851
123415
672910
837297
30116
986302
101736
328374
874767
657053
680645
548163
66468
338098
815639
847605
717977
640478
649061
889895
415510
704771
248174
895125
228252
44296
128240
733481
92573
486446
914253
270761
693130
86747
94086
698045
992436
731133
858051
77369
434313
359697
866548
632824
855714
777713
642433
867304
651695
692288
621122
877567
452258
726631
729595
93589
782324
479676
281202
646445
635295
523517
887110
757966
187843
887698
813479
538843
667463
10298
863385
136195
73967
650099
225083
289118
949399
496850
262701
555782
9534
644183
453361
213705
714469
139300
393567
914495
373833
760665
144599
810949
99665
194303
950116
323057
743611
872018
394439
796607
63198
259196
791322
748999
874630
832176
35618
630810
145157
639480
604368
802361
989906
953479
24893
289720
990542
680756
953629
993052
62941
158665
856374
706541
372972
826145
968720
307006
967701
550707
121478
181919
904561
621523
136638
830559
782288
560607
13133
569587
1780
178247
275048
664025
459551
412542
392771
548605
193639
652660
123928
139454
876937
790062
517931
835403
975823
405128
180013
697947
425021
561251
125884
96717
450679
992734
758942
261907
755932
307678
902418
177338
832309
131304
768861
881141
650429
60370
501462
337996
162799
629992
719075
58476
285234
420400
990118
93385
282440
971250
664812
715589
158256
671928
709719
973010
448551
470581
608358
321152
162594
710578
842815
329788
614027
415425
151512
740521
402864
996481
467525
764353
36739
7518
864281
637819
313131
908616
788120
276980
753661
917797
953166
791655
501640
974187
957709
481985
178110
490144
246800
828649
446011
20492
564449
93280
802010
479658
178327
703900
923590
165377
125864
27505
973403
341726
855808
825400
704554
944047
628827
127504
478516
530790
867617
418600
880917
384221
945081
224286
28569
508042
858050
884621
844200
789785
845129
443485
818392
434501
504833
357795
480300
364592
244371
587508
30856
377988
219267
49655
76498
722374
526479
384155
543555
292395
256138
691826
130878
500673
337434
672625
985120
385618
503343
63068
451928
949816
51939
801453
586244
599089
423123
943911
102272
935691
878013
828821
515342
421163
668041
68006
545931
35829
941428
959043
705079
116416
783250
592355
157051
792312
17648
758507
325158
528032
597293
53836
621191
165514
260828
766205
428548
925866
291891
42535
300631
922066
981129
774292
221992
170648
694041
992486
241555
107003
37975
565655
680074
325434
943683
624861
866079
599314
142640
7217
969451
672246
254126
907699
475900
958581
287569
944395
503171
781524
885276
25016
304136
723566
753057
786129
8306
887571
793553
368605
491356
754779
931764
241740
376077
512068
863207
805423
261973
19950
268625
880383
867464
169594
668196
378432
295551
823166
843483
226969
681763
477512
830581
607032
484589
197715
104850
770092
956591
706643
231057
497320
389853
89118
559721
487604
571134
488234
202010
998624
787607
570096
320601
629532
908470
205133
321720
510175
725861
154407
767911
674851
976473
207749
970841
245434
264246
596387
540489
174718
120752
380936
38393
461325
248394
992830
725833
373094
883875
849377
217273
984398
299235
458120
371469
342056
431413
760872
740403
411284
240371
275531
250878
620427
602011
913165
728332
162352
25451
774808
385402
98624
842701
336259
777555
5637
491446
682515
871037
479642
84539
944273
437600
402294
70562
201741
578926
768735
422547
384341
372052
449235
649504
292424
224748
77445
444849
734696
149777
230479
162436
719109
902335
692557
804212
442694
189372
451710
619162
291289
599175
715807
220973
750526
20079
103023
799189
435447
529444
252529
60917
96243
446078
573247
342932
235549
84385
555421
355621
399131
128871
514644
66238
596069
882116
565072
165287
107392
815837
605712
227887
818191
71183
200072
867192
533650
959540
108644
785430
20308
490029
30831
373751
43087
13619
200730
285472
533886
936344
454764
555042
506891
767840
610323
85770
224637
174911
264610
161686
204215
311544
624289
513808
539468
520203
677698
637168
964714
66252
897887
101305
489210
675154
273470
790539
544789
363678
815829
259792
143242
876613
353616
968187
646404
935364
770109
853774
180031
603548
390968
800185
464878
409937
77461
745367
431689
88076
229320
61905
477753
969521
182598
948736
2092
587976
445803
823887
693871
534074
742574
347719
889281
39874
207670
18954
705653
166281
222626
785052
543321
978083
502021
725141
429707
108093
630646
129569
945022
432758
976575
758333
910058
450106
688117
980821
647946
418024
287051
282833
804858
533790
134728
699298
309864
817983
846326
994723
125218
156042
603220
891451
673944
880740
794150
863553
870348
279276
528537
334057
474082
56087
954007
417293
723884
474982
918716
503325
794277
266999
692847
675553
846921
169750
156015
806007
947596
448333
50552
870426
961597
680107
316835
5604
350552
984335
644398
69141
556842
177527
351112
199203
233924
822358
907748
580378
812979
612482
565121
264454
453833
37413
707387
529801
124238
813046
437955
191375
527593
566653
80369
104872
593188
615118
463283
778591
804648
581227
10512
98284
575137
37804
305282
478436
669729
169703
779831
564816
878115
698611
294927
569501
800305
683465
546905
349411
473027
36994
736879
380355
667920
292105
33665
277441
346794
366403
439617
149020
177858
744954
569557
410234
226361
661119
444814
10897
335922
463581
506859
228919
536487
464759
271094
261574
616832
955387
8704
812443
961144
135331
561654
214037
719889
603159
716203
11048
133649
860156
85742
713405
946294
25348
19895
353207
639864
640856
246259
507950
26637
295555
740276
196907
488203
50308
545048
755341
758959
67260
202466
554345
374868
871012
478583
437767
102486
1101
543544
643405
3801
591782
755204
238412
466073
475083
351029
280749
212219
513488
14658
325258
704794
533435
853632
876323
565538
639038
898673
560102
673058
924013
413200
707579
23368
832918
948794
131969
909337
457244
543031
75885
223537
833909
135951
33998
950181
456652
654051
434636
337581
226534
203542
327053
48545
836139
70330
921510
603786
203493
979371
191480
428970
678732
669530
17717
773931
990023
909527
817338
986353
250461
905077
961556
224309
662515
750556
496207
625942
435035
529776
916618
84077
974584
635135
989583
937586
961573
192917
656651
994351
628739
691559
737547
583401
492929
276982
790972
922106
490053
76522
898049
706145
476325
259239
272383
723488
11181
411767
890331
285259
337644
83839
803425
563379
158631
55414
601666
797562
745936
692860
648766
295594
68561
859619
509097
932720
282099
647581
627833
435998
310083
863320
558911
691183
538210
114097
318433
267828
689983
993865
728747
355417
73944
13564
570785
219487
398902
316529
801124
367320
592569
509788
737358
336428
142442
361127
851913
743119
473047
586336
637564
718910
425622
599076
599881
265811
360345
329773
435394
462802
289016
204126
691545
941596
794667
383486
631206
9737
560978
398682
160169
855065
990581
693990
689288
538863
896883
871095
276416
761966
391910
736166
783987
23322
349197
602676
698240
380198
361745
678699
13396
79309
523866
905524
828550
772242
726551
299238
755000
562092
554791
205579
473427
95423
362560
498882
913754
898616
351467
747940
332726
413583
346255
171440
972235
43561
701471
135004
345323
777448
497037
264036
994087
676085
606397
885102
450430
288509
570085
167722
278977
649137
544641
200821
96380
139370
311528
820929
12647
379667
73041
563118
922642
188653
485370
94533
530247
725450
798999
439921
381192
93122
282172
414050
497638
221949
747177
302504
127487
129061
180899
452857
649893
748112
8540
602732
984226
755034
761707
537711
325361
22976
65483
347573
218857
176538
240694
233024
581215
515877
251355
251642
43718
833949
56545
702716
785669
805030
685768
983799
985119
695959
606418
119957
945206
157103
637332
771017
103134
718683
299219
736139
327567
958744
968684
548320
983612
264228
728196
453272
391096
353360
152712
898845
448540
801419
578613
945994
539854
112470
375038
642874
447294
419184
47634
514267
4051
269460
394368
116718
967996
152779
944946
952915
915043
289444
623608
664907
477179
117212
151340
880603
974631
324352
369857
878629
977703
476914
813844
565120
870130
461602
540135
437803
147628
265
87537
788878
65938
263753
802661
141005
350272
310955
521164
563072
667812
722848
368820
761905
9695
596726
210907
462446
776240
870096
643129
870916
337439
25691
648414
637026
429551
847309
260696
53762
27875
401325
415364
206912
524044
165326
979615
955686
556824
353117
790674
417686
742188
120555
384208
978524
68929
851153
79194
51344
57848
727260
852934
693092
111053
635790
243072
787957
597403
95075
239054
347117
264116
774298
201949
357624
557847
46851
280141
363317
851550
968018
177207
942039
421119
724162
222287
780509
917283
725816
687743
877552
536515
539142
902977
371207
421391
957417
165647
657029
202589
294125
953223
848282
112300
32797
153461
31221
668174
622206
810716
157163
781558
782350
779732
498958
652052
570160
506960
389212
333115
66769
983773
196052
898052
902112
591017
447863
911676
919862
12535
453934
858122
145581
667510
989370
963245
6622
827227
326135
656658
523960
221449
363143
438138
59425
690612
850889
584148
773211
799526
339737
172092
438400
883139
723612
934645
469128
475735
729102
349973
81100
597070
153363
580491
160402
55921
272008
436316
243713
774776
688525
493619
951577
487374
751316
903041
152859
950504
407144
567947
510344
768889
267865
964533
265705
767273
369740
866613
885544
34599
840263
931164
134849
196533
349820
750954
693569
127497
572541
334950
390786
187137
647461
671743
712864
873340
308203
27717
703750
623894
896189
744619
38192
298886
178906
585803
533064
277706
967835
32739
60583
490752
227231
730912
908002
39609
496146
214567
64406
473976
460891
809638
187276
842164
703840
265557
849542
782730
791843
792519
176126
741077
651156
601054
24729
501549
791427
437173
89439
120822
158671
601199
119353
786473
651467
996989
510054
369325
163266
411465
77730
381883
707922
928471
393093
389886
499738
854835
532049
349578
932415
838000
745744
501048
956193
379670
36120
949606
306371
127686
617019
764302
197610
680045
99083
293820
392559
263696
14325
429448
604277
322106
435804
652134
735620
728882
758456
672371
924900
828136
986448
620563
217510
173791
732399
97412
105157
739888
317350
637741
950153
448108
707546
939342
297505
773510
807183
394676
510062
741007
35838
480897
892512
113099
550802
786244
592323
19663
319153
188944
727334
530851
171513
671557
934222
185191
477202
556789
259925
500773
143029
119774
148818
102323
484809
713934
400355
196193
786266
460247
638009
419785
923003
798841
763836
934032
134160
272262
130806
302878
818810
720014
486973
130953
849320
623625
276092
390139
514264
188625
136797
239483
863064
658216
255059
237823
886767
993711
294131
765580
416492
298329
415588
878533
673259
770629
285428
658099
758662
192104
961183
36575
309251
30893
827047
529422
201197
611229
204525
506691
809899
976188
143489
190661
360628
553874
218445
761608
836669
775532
406959
332031
593148
695908
523828
860005
650120
636528
206082
109199
968785
144203
794365
563816
458759
511466
168869
839218
153745
600673
719607
323801
17186
328326
710296
294445
389979
833086
498140
785350
232303
441633
524999
878882
863760
97492
876234
443278
51892
627712
112559
809091
951800
668889
560161
2917
474676
532532
856476
756534
962496
399251
407918
132489
505869
754548
944846
795189
796483
616861
502516
247530
719261
9786
184830
139597
873715
155647
501099
469239
779625
943489
203461
988438
321032
629748
354593
914722
564212
398409
593151
896952
94928
559904
159017
830937
818589
141686
902641
340243
587315
744267
345413
764189
570557
211210
739632
575942
498798
447760
913389
463915
93020
466383
21397
504644
657815
172956
6792
20365
634311
655460
594220
177265
728034
761393
470702
413829
949024
636221
872985
573037
176658
163557
244916
525461
699317
803106
234016
749874
223377
802389
651827
884404
285491
686851
529079
322333
770765
665821
108139
144423
348588
210214
559708
323378
963217
891877
824542
848749
724100
720893
251671
985392
816304
761203
999736
81808
611134
259817
940858
853636
589684
167359
186305
81619
746915
755508
895410
601958
335855
294292
982416
291899
962603
568961
629117
580211
684299
482395
767249
916133
30606
209821
322763
397279
483728
96585
5815
700263
938322
915744
818084
842660
729822
130952
270837
317646
209967
434368
661914
973968
150272
543209
867099
103733
828529
903605
364004
936435
293306
344391
980191
139700
279135
99376
265402
839922
169097
258893
649942
527311
474928
254782
87359
652273
437541
764895
861781
33646
559649
386734
749326
151644
478525
308069
590476
151583
286699
37205
705420
529653
937333
91503
88002
345201
733091
550603
808551
230358
632180
271418
409265
28715
499173
948704
380078
102425
553627
80563
987538
836024
687832
734746
758740
585505
801757
72981
177182
329621
546772
891132
226265
95956
85215
472520
404000
280639
567763
816189
687961
771423
964981
59266
264940
958522
589832
28938
30096
618810
746693
791333
168446
844410
779807
435947
2358
296507
391969
843088
779227
318849
394554
312045
416412
747184
209609
29388
350106
579097
789933
736395
172178
577784
988005
62139
346582
524903
434231
198761
704029
176901
97713
363285
834035
621376
515172
127776
281735
767187
912756
647096
266942
370747
852699
674074
671525
839425
645019
825567
846438
815239
61666
73406
245807
626121
178169
858285
528344
570266
261610
397861
44794
299065
832481
344921
601090
77745
872108
630114
433346
242082
928278
704623
671909
312545
261873
852358
448309
637081
307004
235236
416596
187469
13296
862787
690368
123602
593753
415891
848744
660978
129334
255595
952741
289691
727591
249809
71810
897388
742193
670610
865493
200507
683039
440374
681457
33805
341457
479679
52510
979306
872005
477765
658701
199538
699401
862998
357770
280905
431747
116891
103788
232504
118138
100078
508941
202446
395722
4478
368350
753428
695228
204018
614894
1238
691462
689476
826242
137285
61873
946960
140997
997402
217869
876249
990573
642813
758256
179576
863883
15003
695122
162361
504026
451107
500663
627178
207660
862226
49317
189869
549008
915271
533185
682364
877780
740318
99779
137234
801781
807033
952121
275827
440274
424473
971446
964529
9574
156893
404596
373726
8213
151236
314386
582698
172384
753073
298767
594632
150029
691976
619995
620476
199426
779809
904656
287796
349321
613452
416474
972557
264076
934056
707783
231573
482994
682426
822291
932051
587306
873656
204240
802373
304466
153142
440162
474298
573651
200644
185210
554243
595977
206430
436840
890746
80449
781420
989713
518850
579457
859081
351904
755369
175299
734467
751535
20317
232722
735999
86839
25876
553701
784716
101955
880724
297362
120255
840880
899260
193309
159604
609128
286488
260455
838298
159522
899388
426562
640918
273971
608799
92964
435198
661340
478686
292361
612916
456253
681750
840909
413797
126619
468514
508331
320486
513607
851562
332895
886764
290900
432320
229256
824894
309765
477904
697032
31654
857275
795288
879365
371495
308484
632601
774707
26145
85913
835408
380059
490264
383967
731677
422391
232952
941181
983042
894746
840516
115833
104678
602484
635559
642865
768314
665797
552339
777719
983629
287860
958795
154336
644095
292163
429019
295948
768660
76805
593317
835625
614077
330943
386440
308455
132316
122229
973311
73309
642669
151045
823858
296430
910247
178846
655923
822445
622646
810743
455028
353337
732258
164978
628472
839864
673942
583579
758913
752337
257029
140719
696579
719016
746721
454550
688681
323645
293757
719965
361259
28769
122580
499683
305372
725174
48730
536393
622811
966537
271468
780845
995838
468522
233935
179664
606726
42514
408089
235503
397593
776081
149538
665942
695077
753465
303476
261070
795052
253542
384947
72448
665906
520104
170515
370385
934205
625793
294623
940682
952291
332298
669391
125950
5162
307661
297021
115011
273963
354275
945528
51269
932061
949788
957557
358690
901209
677632
89009
101068
963767
768404
785296
648234
139741
905378
638167
352540
673682
559518
960239
671239
623870
665766
746339
628122
717943
321829
141726
641295
661474
980424
100935
468345
373862
257944
833524
327378
499409
569999
765786
488131
442624
999114
233389
660372
66521
521694
584569
150974
504397
934278
96594
351744
991536
739737
976099
852305
333552
919629
596703
118895
986680
185959
21117
250844
29279
607980
956994
421799
530938
798419
378816
590402
821427
602083
976769
797229
590857
332544
718774
813923
299481
18713
713548
980833
552530
191188
879427
774265
574872
253503
305348
413170
693035
719848
848548
738794
244979
648536
585731
306525
838633
678900
702905
602466
807658
905006
663637
330226
377705
31705
257978
251643
376841
536738
154458
174697
411539
97016
313166
341145
678902
766444
747495
244588
83259
766299
511873
223151
853323
416223
713027
874629
665604
637496
70073
341483
323465
291859
537475
688064
521373
961545
76760
171964
726664
336424
435282
805098
819657
616071
85589
139787
341784
973708
852677
399457
798245
686618
865978
358822
620082
601052
528775
88239
598691
402979
578251
620035
96847
56057
947956
67030
426334
549667
246177
626725
499382
844730
192649
358879
509993
802406
490954
682537
540222
971381
908939
493385
783677
514359
346033
350595
868137
468320
991184
342834
778888
646213
245944
421550
892509
708285
459333
665237
486125
58239
455094
232129
412756
376251
393672
638391
187423
348951
275334
826122
250563
690579
237190
779954
139374
894047
463811
801323
275561
426311
177951
68919
554885
58068
299070
377373
39796
766130
989056
3544
208205
699759
78499
913107
909058
975857
259180
55622
874464
854884
727926
74057
323329
358116
287910
773922
361504
178824
675221
776791
655161
568056
125230
847850
241013
108240
852724
500611
351163
874524
404157
13522
566077
437842
978786
673187
665225
296750
282420
28087
671756
908078
434547
281173
916043
939379
421878
313338
104992
505220
166752
987011
567985
862287
491306
994733
653980
774467
438658
92342
465161
744507
147661
532975
529726
668276
343468
456032
937099
517403
507365
959802
878886
862030
521700
752416
427135
219241
965457
134204
950502
503851
499057
428621
984653
179127
764933
25411
69808
325385
271985
522506
640521
271299
341985
782642
495355
342744
854003
117981
623817
683757
146748
336798
333294
286125
23318
423657
724719
82402
322473
496820
391033
33357
615247
574248
189850
292665
827807
543307
773253
188368
472033
809824
284032
790817
608183
955626
218291
452315
521413
872967
567318
45302
206881
108517
768802
608382
13012
898032
289922
608617
824245
257293
696565
308724
424098
690261
372773
764278
863853
827842
781614
968346
469904
375117
895190
705968
45102
179450
153184
373974
218896
249423
253427
974897
652823
511157
513096
534316
871735
427715
608331
482861
632884
938490
127524
146129
988419
452152
587441
256865
65654
913798
35122
841545
575148
961252
225950
412353
858484
368311
5788
44918
536488
28424
887130
569166
814077
920002
604569
522497
249294
553033
178152
118285
309091
652144
272661
412777
97237
464587
178042
629087
991000
294594
422127
179157
664911
252240
402648
654496
286746
99167
995706
191614
460059
875470
740275
843229
833526
632132
922937
86965
44974
459423
516193
484242
977573
884907
365834
957528
584074
939813
416107
388310
937767
54803
997781
665348
284602
490755
519685
558988
73359
207402
767835
995684
69512
344329
40497
499928
91086
833781
209347
313868
354962
533045
230274
142422
85477
280030
670949
274750
381149
215283
969496
453219
588972
569979
643407
280856
215684
407934
355145
852568
186641
875392
655423
225192
748000
693878
582157
451193
925309
443569
816755
439596
380066
553123
688040
429740
636956
283824
84796
564635
133168
4698
670572
833936
323468
960378
190274
141436
51628
838436
70691
786932
644629
381072
799889
677352
792549
428317
770589
337576
950033
741324
42649
544092
20132
226745
473796
814046
446702
569763
612041
558508
523280
389608
71606
939751
432005
45167
664012
355583
137470
164000
943225
543228
763664
940599
313399
84404
501514
526511
281574
461549
136215
875577
319864
39502
765561
277109
537832
846211
67542
808412
655925
195126
548691
848494
905804
247234
2433
106953
738625
462112
993459
325134
124534
637935
142232
40306
700000
111609
74215
519195
277098
434845
595962
723000
963712
855370
329708
985214
444013
84047
128926
200340
657280
423046
667125
958056
415734
436449
863142
258916
326949
327550
376196
152669
41926
446628
585229
985375
52068
240777
289867
930033
454946
843678
310664
927305
414253
423581
277537
954060
748022
708484
234786
496626
217787
95976
566824
719243
255195
131637
622230
51402
565798
7895
168777
593155
188020
997204
721160
469460
976990
328658
742751
614760
373827
130216
48884
346534
954329
667555
268983
440916
257569
688131
402455
487515
314897
323370
457454
230932
182702
659854
99533
346651
856301
704948
668204
751002
672950
661726
536234
409082
358430
497141
901792
820092
589523
435950
238457
660260
293927
764203
691554
641939
608231
728159
220428
152926
497393
811312
908027
859837
373880
179572
947091
223212
216911
750988
488023
316023
735900
782153
874250
380038
406700
781540
772811
345012
452567
197995
431808
285110
841615
141370
83341
140015
673538
870899
943280
39729
287231
247196
206241
279944
324125
599885
361057
454163
132394
494006
290313
345474
371333
618773
711633
971650
956564
351853
382735
703437
195931
418357
341351
771310
519379
347237
802331
675215
246902
836568
126299
188543
357881
784295
198707
813839
282986
465888
864001
981104
257093
736650
191303
158661
207671
971889
14819
395526
272604
449103
780161
854487
443792
890532
231236
935469
82431
834136
438082
121714
58240
605336
250961
659113
588564
969388
353716
989068
913362
708447
625236
238399
873256
98849
824332
643910
705786
80546
943419
90044
640012
327900
874251
963185
395549
566924
701110
700979
331643
610132
19991
832018
883675
285592
880391
396981
426540
510386
326204
713611
196080
861848
460409
43653
707195
854620
405957
792483
513238
705616
54483
597126
255154
970802
708403
650113
445997
6431
938164
413519
25590
842532
584338
529184
329882
390213
360877
932928
227670
883441
952157
822090
342300
632840
573227
362216
100640
73313
405649
401822
932026
940370
610404
922279
311309
713869
871864
971183
236253
900163
608665
36335
811538
125503
394367
139526
902953
793232
822205
763078
442813
500058
57214
687356
412998
461110
344604
420561
392691
292873
332545
715777
683601
306105
278615
189138
695830
178325
263298
741415
199674
569827
553295
276702
23083
929967
684724
709722
435780
894361
510124
771334
133477
175816
726697
756786
699239
626534
581243
843093
877039
816440
37507
569833
659625
442022
215256
746471
757044
272567
375968
326528
61820
363574
640731
84458
202005
167663
561929
535020
537391
219397
209657
91151
880016
114932
8232
236484
481803
472316
462208
447536
934518
951901
331694
676083
443112
235831
143577
489028
641801
822105
796979
123379
268718
990861
992869
886974
57935
395847
523150
378166
506270
640733
27718
44895
944589
975517
682350
280884
654863
703284
498588
11158
165734
144406
525792
263666
700784
33666
917977
125765
90292
885130
450734
64407
71753
229304
876424
965756
866102
999434
541691
905882
565635
290656
744173
940816
795812
89291
322302
732559
196482
179003
499021
964088
800328
197097
621353
925651
279573
56405
119800
501402
156273
397117
761992
24596
763219
540459
109928
96304
302578
946144
176137
619598
441773
737292
682689
806202
72683
869682
349635
64876
544585
222638
329471
447601
474943
23622
771697
174780
519142
5010
796284
214652
898808
305030
630237
858849
276384
321129
641808
315649
582470
518233
675631
681045
869884
477917
968317
36577
909350
901440
13458
575597
201082
378007
219678
121083
652790
767929
471624
880400
247810
31523
970523
636255
887464
298617
984780
87038
196001
246664
235562
478874
533405
641371
89878
58196
629049
843199
341941
697645
283993
895955
219560
994443
456028
217443
622304
685198
192759
83938
152531
291543
432254
209167
313193
136121
1221
963106
903947
894431
348554
471647
5345
893810
209552
396933
22421
743136
906563
764433
638123
756176
873749
402497
775191
218025
949570
182398
229322
748703
671519
579095
659294
219836
463337
919523
214341
786389
557891
657794
950658
623147
433324
215380
746904
212081
691188
350735
239844
206232
33830
596836
949761
995551
11186
528392
678997
910529
446022
176425
145276
238139
219870
472453
742674
441570
474895
290362
122930
440481
823989
897836
601523
515376
663552
962900
75280
313642
767612
443287
600311
942781
496932
698261
59618
173198
198080
833431
642720
95061
21136
583990
26667
699390
57813
956704
329821
904786
700241
309572
172691
621722
859604
933671
884129
959379
369108
410794
699670
569939
837715
419034
24721
353611
703343
50598
592507
453242
875850
532963
546498
465897
17619
86871
610963
749688
923219
535024
12648
880444
238623
611266
934333
702604
633293
100418
689270
241017
490803
610682
325124
620193
386358
256055
426826
706214
740793
245824
115564
923339
588760
978384
578167
837837
20748
480064
383480
418425
271993
378848
450871
25083
458182
346020
855039
412908
912350
44723
499248
445228
104365
628660
240845
769355
838442
590387
514243
422703
911820
707894
189582
110083
329622
956896
609256
577592
239819
56454
723660
580105
178262
575982
926810
973306
187135
193015
208409
267890
792321
825659
59249
760262
481886
283785
322229
492318
285393
8824
755712
345481
926541
530159
239392
714746
763622
376168
965637
442140
622139
850584
403560
265008
199597
234406
440104
246944
437342
643368
809004
224041
767110
511890
982043
895657
651614
961998
214313
690284
865731
293064
668286
952085
904744
97271
849633
764280
832463
620569
818539
66200
548679
227607
904247
10759
185110
252603
753325
924277
401811
394390
396627
841192
340779
473191
48999
899449
913073
672025
144750
387226
260874
978355
411972
596715
666461
561865
609028
256352
564776
583572
335360
177000
803251
35386
644218
805134
124406
228627
608974
601020
573686
937006
326658
554037
243527
213043
302757
621349
972319
365288
705365
119989
908416
697557
760789
686954
674559
238021
482918
400859
701839
104848
709332
64038
617173
594266
232053
608567
535788
253049
381400
867913
624204
897276
926069
185202
53502
539498
294633
235973
863499
923438
915522
952053
503342
768330
866694
279433
477501
85708
614942
405884
873136
938631
190077
791143
671520
850691
878718
991610
961713
292356
759544
151886
907876
202343
123477
24718
903044
183853
827988
686877
744347
935528
824921
133549
326754
99812
747820
615122
53928
990699
436858
724566
69922
384252
806748
164055
306437
403790
551666
448683
815699
951844
561186
717277
547480
424415
364400
326863
254927
503149
879389
327309
578055
668599
120360
474711
987382
21198
260607
117334
409093
32666
55081
875745
721698
842667
716590
200029
921414
75232
820557
292568
862479
185298
403690
438619
13982
586941
142098
40151
558565
150458
482773
311982
224234
299131
769802
859083
180025
88859
489377
829648
666853
935067
553598
582660
734380
61191
85611
70764
505295
871054
484116
600535
748626
615005
510061
264889
411649
276629
502930
847798
800663
749631
955356
618447
248582
55037
90840
264550
152054
687689
732035
687935
528168
805872
745199
624848
997727
434963
598489
872092
764374
851022
534409
83289
326591
309496
194825
611096
346300
29093
868948
908049
79884
438618
135221
562884
131317
370708
932922
358836
988402
300810
326520
429585
64951
29283
607527
218329
570101
91181
13337
261743
754008
472211
510329
839132
15914
155042
297116
357401
623237
307939
75111
206128
416448
461241
764528
820930
516236
661109
903932
320959
379399
202766
629070
168509
524365
127381
840309
336042
314564
63443
945931
418561
782408
187158
300875
962053
756970
696501
406879
945860
69184
996030
812564
286803
888024
920262
824725
841637
233712
120806
612244
796401
270271
394923
104004
17839
461982
62065
831426
438474
26445
19573
953718
724351
381980
149662
251740
781978
74587
397364
25737
395717
513066
579935
683769
484947
929917
828208
322944
665649
239971
584946
24483
195974
455604
151019
567901
539348
333286
199924
810499
822377
359523
804478
205647
765401
619824
915660
192670
197314
571944
873097
720106
853684
882496
432606
239306
609856
460295
791730
507997
511172
706832
85649
495721
73382
7327
726761
706034
889132
82052
814429
667217
322093
170454
487425
164556
51895
855396
60277
635375
69161
335784
529926
477128
19087
180496
607190
101259
474834
568558
830529
360252
987553
575243
544070
622721
938562
384951
697661
601887
135206
568167
335803
927593
79972
138726
134824
203263
829265
48769
417766
760527
170596
238688
326434
901989
746003
574940
183432
563803
570705
353951
963664
531895
809677
440215
412216
230687
187161
128605
356473
231450
781924
678889
786674
690770
798215
490787
422305
637444
464887
118503
192269
902731
681782
384884
889567
585770
764515
363427
398738
947144
76533
530998
82458
286811
197480
461589
633076
138009
651118
372383
658020
310174
520249
681519
942497
648480
405808
875980
756297
334623
19113
772154
464774
309432
221389
218117
207485
820127
843272
785019
281838
98923
760798
59507
613754
189708
266697
577566
674213
12320
180824
95341
235915
728675
328053
133697
221867
452463
419339
913859
817867
904298
411791
587120
76442
269378
120310
791477
975113
70630
259135
980963
521825
791985
808481
193256
379936
163309
690829
241584
361975
938622
955776
466087
400949
526661
119143
465861
153233
723667
107461
522401
467266
318280
306166
853790
642221
902684
185660
405281
108803
836808
730523
596488
442071
255267
949697
851517
730524
71228
74843
757827
408814
341142
360436
437743
241341
833621
810988
912481
382959
284818
773072
585132
634801
702447
834293
232098
368737
824277
881952
177235
946123
358539
343691
566086
230967
889211
20076
880431
508597
295225
642455
888883
987464
949365
340303
298754
815008
745153
469603
327161
985041
560166
763941
779956
910507
856342
426931
635382
14751
813440
977633
399875
680237
606054
886056
484032
353112
737493
892595
584005
985544
613954
497823
846576
802583
323128
236339
745133
739623
142260
351180
632079
567628
823114
872456
249522
344133
230545
832214
167342
686706
973033
623700
817348
585036
687559
574165
211746
897840
610975
55590
912205
816086
876431
301592
3563
487489
722717
297908
248160
494532
231774
689995
282560
449991
201421
980665
165167
33539
97219
699780
870078
509572
403929
976372
120217
449375
511547
159749
518646
654567
155940
799180
488272
426844
123386
474160
117437
6759
875519
218040
853872
110211
316171
104470
404392
934035
462517
746629
58092
274773
15477
735293
740682
776102
155865
587019
154051
72580
862704
382580
585842
27123
943887
26482
826700
559399
96277
107878
355941
428471
918056
716774
128445
783056
733416
953022
10590
202975
776572
912703
82817
560057
118516
323084
579749
80650
586270
336931
233178
475306
951463
152545
874739
365982
690108
474574
931435
970987
420194
572040
748794
759525
978268
127650
964745
142529
25799
450953
535111
376488
938831
724047
949267
342612
44647
124432
621184
792795
879326
906167
958713
296822
538935
494190
740622
203107
839562
87027
41581
494563
862556
410015
870746
955977
299898
846758
188167
776239
798281
32508
918461
793704
963212
584146
284768
846388
970159
299831
238940
216106
20519
119026
808904
331270
764778
803183
380336
124115
866892
342206
484237
273578
462894
614095
734180
874413
635910
671367
163118
878563
94163
498793
897346
958544
398608
586035
647004
721576
410488
251947
856960
151136
875724
975193
867055
163440
876559
888812
725353
934225
144084
813578
118122
55064
526464
400046
916445
539006
345548
928837
664127
34215
185405
176490
370301
703971
107526
298669
439171
243962
814432
634023
361812
858932
549925
931491
721111
812958
701917
558795
275465
16680
473225
279363
892034
942519
469671
378143
957494
198309
7665
425310
132139
802699
716830
726982
241190
713434
666934
375291
57772
782334
482609
760300
323813
526291
47308
257644
953377
915627
678507
615581
339820
260767
793142
966331
728760
875804
674822
529823
982900
87254
698253
260752
244625
439334
455774
762604
374775
666539
652406
858784
413144
747993
914010
431401
998507
865961
135487
352523
221011
370638
976484
156471
389513
681480
267629
911244
480546
495874
940829
985409
565075
202030
223261
813371
638751
26468
95120
502327
320607
63700
881814
650785
866774
836910
911199
569383
183231
131497
396678
33305
329897
463683
997614
590659
488158
3621
802652
178394
914352
334498
833546
5063
433885
698660
121675
414712
274922
469604
899577
2914
530980
707613
138136
608477
162084
346357
699113
896188
294156
256552
521944
158848
905833
367229
687017
63299
615674
458600
585098
758877
656197
686904
147240
946251
843134
951765
749281
84441
85979
183313
349896
804861
929104
816798
587482
111238
875838
47733
519510
192744
334697
657679
687174
375926
413738
674153
825093
162877
10154
907340
270857
77820
228118
886146
357125
621526
51829
407187
373291
319353
904869
869084
317699
888810
264433
605348
30304
115043
288375
546749
658418
979044
3238
42236
496376
993205
607119
628724
392626
880031
82150
262901
948458
744163
224778
395085
662008
456383
864869
993684
3687
511580
980463
394486
490212
911165
816971
660761
277671
529342
659243
581702
757280
566873
105422
238759
760693
909222
254989
224806
449693
630564
637027
419527
892470
329634
195007
23250
594649
102324
48424
124181
873051
774955
459410
847526
376730
845384
903891
833739
979992
903665
530180
669174
261404
831962
726896
376111
46271
565251
620544
730606
274025
950262
984996
310416
696136
340886
242322
960373
94637
919651
292076
731647
563447
67902
248723
370838
381366
740669
208005
747957
677929
498236
469781
686277
980679
918852
353456
841782
266551
162809
30353
393898
37583
996315
246943
589029
2073
533826
634020
90622
568179
273458
310105
713227
941910
166353
840024
902108
332670
148571
345368
97048
562765
303488
293741
294162
433149
343617
751522
753811
768460
264512
945286
838903
641207
867127
335146
559620
542797
628067
270099
582827
883732
671348
273392
81871
748127
468800
107355
744774
426290
385893
673526
249457
203236
620696
686013
19671
327646
919958
108164
731294
304260
604815
523453
796675
438521
748374
152110
871716
524448
42974
223258
473778
183092
905061
843572
288498
630152
220922
783948
110025
423752
897554
247669
515664
627551
853026
987951
165517
544576
371389
865800
63799
914539
242662
860738
690821
579947
998104
750186
635988
413812
180860
727447
821584
858966
408858
989520
890683
390699
902034
367973
999130
593929
220029
643348
192937
723790
217838
3092
754948
134711
590674
565660
949520
958979
751823
178469
120605
251775
408746
423147
102829
945887
501331
692702
543466
601640
881064
209307
906025
49528
94231
366017
203020
806169
573565
406655
622018
444951
788974
321003
622177
731727
550234
579139
588637
27988
821092
571567
359551
540859
814529
599151
614865
845926
983133
145207
75142
113848
445827
163687
528797
846850
79965
782813
101522
438976
458662
967693
337721
583273
477441
801500
423539
155125
45822
25670
677265
130014
693430
777168
159928
912022
47746
748901
865496
393651
336252
352115
329717
990815
460669
127971
41709
980103
190417
272959
277867
117384
652409
104369
747263
711185
708598
358735
962576
997977
350877
234355
254945
392136
701798
812893
394941
312945
370977
200956
373647
840244
876871
275442
574097
465698
496100
708055
511047
215875
124269
826020
735796
880905
515603
260386
473482
287082
35681
478998
464925
772240
714602
816246
705486
130928
366674
312965
274074
717886
737734
852215
547765
296560
153215
770069
240405
369663
821934
340621
115725
345954
634896
485089
617569
832396
31513
102693
386603
532256
359677
836822
871516
984213
63095
667410
157714
179631
732908
392729
860805
504810
580787
910677
949194
650380
572603
686235
773216
817873
71273
544222
682852
103322
903443
835834
343571
66632
640282
750400
139589
464699
935071
564324
728541
187773
251882
76868
305043
773765
340244
788227
511049
47227
269725
413666
893902
860951
356907
352047
714345
18022
60254
61448
673866
276774
683834
933484
26748
57036
308597
177971
527052
100999
234304
222975
733340
14600
838736
357883
627559
142584
975660
84759
895115
977885
231430
823373
489098
408344
266727
104743
755622
690127
596888
820624
107295
494655
763175
321745
629936
250717
755876
923860
825090
512225
208875
559728
392673
379700
558400
308427
37114
888675
111596
682684
723933
672111
499814
627697
545795
925556
331700
336589
309784
674782
914000
95858
772249
988516
70335
466571
778489
413167
816269
846209
87002
661712
433705
709000
550231
277998
51625
616721
433432
281448
896243
487821
255313
857087
917688
490504
880748
317299
455062
18604
914740
866840
518159
707628
85808
663311
408182
715640
607731
741677
622942
254837
163692
340477
865589
551338
695996
952414
581980
884291
490815
219687
337428
484580
373218
716958
194311
184846
123534
820316
452014
929778
190162
606372
294055
173529
543843
217064
718221
173554
182295
18494
682223
521615
317285
731532
372810
619234
738010
844509
887615
620367
825204
287769
955660
309506
351098
174108
253168
350833
858502
743567
424709
805545
511001
735893
123961
682695
613850
436225
780396
84951
396919
971055
657065
812148
390602
424223
776460
683032
625439
532530
370272
259877
882411
891143
644698
172034
329580
522902
918091
709449
714896
638348
264319
29146
826457
649566
538569
841592
573150
163251
87194
970188
237913
644620
611429
731259
513562
6885
342299
365137
327198
344732
231827
180526
324539
40589
635190
734184
946942
984056
906710
783091
700113
776486
813434
352533
659475
703042
905847
397925
188346
853123
82053
757903
110775
382597
732732
569297
10143
245413
589451
180770
230105
223629
32277
162192
218301
996685
644086
258746
613631
185690
639041
725891
722379
959124
289294
268424
616896
242473
387122
35880
486147
341000
296968
867896
603201
637470
9352
560187
781167
214953
973415
463278
992642
812928
137411
344747
173635
904835
763815
576016
388497
139678
109025
378538
65409
876955
157478
642819
710229
940429
217927
898548
201952
801619
527483
135840
541791
812918
428466
368606
361244
541265
309339
555150
684318
35465
897723
119093
994808
257927
585489
720620
899908
889066
157049
831163
96147
892481
473520
877103
931237
156939
822027
637771
982594
856430
758581
959511
115720
634099
380450
167136
181492
783156
892699
570582
696917
401017
453828
198300
424478
749469
909907
50727
807289
958872
305445
658874
710946
390849
82652
939133
493319
77002
852712
464950
128971
761794
8956
658876
132345
604586
183446
686787
600737
639212
865524
567391
553384
883224
436148
905749
175107
588037
968327
588548
795121
649275
624030
872909
374549
243315
392402
815818
726649
906336
415045
696144
508612
558966
419648
214585
397324
659926
368632
804967
395565
698846
827502
995183
139443
730518
579531
228346
590095
586396
807114
152244
791888
381438
461867
274596
674984
821336
905695
5714
187496
985929
331474
292041
944772
468864
561212
526517
956839
85942
71504
42435
76941
374941
265442
626831
997259
333260
691240
463829
746064
279560
178033
107622
107744
15681
741899
160080
622874
758911
628877
127806
415325
796814
367463
261424
314999
114665
383794
193888
647169
717758
716670
301158
61787
481151
910975
184091
602494
113480
91369
769184
778423
439018
693411
980037
89640
204668
449022
925566
359793
598147
844553
408374
516992
346427
431725
994210
600777
413820
39577
697234
581318
929368
918306
612431
685335
419226
683646
579020
104944
696034
179091
228903
805218
681264
493611
464872
23249
661085
523312
952946
269243
235525
171312
687363
2026
808074
662323
419362
301799
154932
580676
492982
960595
650582
339031
438023
317738
6090
651288
214769
995009
881599
69586
46611
611749
177503
232236
616782
678797
91385
293097
243073
799966
529993
742981
565296
29198
283542
849670
650347
767388
736916
377514
134712
287501
390072
697155
412789
276539
878314
411607
313220
287753
318748
199327
324897
86915
724389
593897
215989
763906
169286
847105
668007
84121
776540
884780
642871
550934
600318
510058
49117
69650
81509
816967
449916
234682
212263
122685
665474
395878
425924
569713
89777
115885
759321
682948
143712
865412
988096
165126
560071
252179
557866
810520
534737
496660
565739
735811
504462
50587
851446
447954
226514
420872
445288
297383
710655
893106
287695
396509
272837
808441
132829
852286
680517
35633
653484
911386
105561
526202
537089
513402
818913
453373
470982
200806
769735
137251
967077
586847
740979
450178
212961
14623
575762
895029
788318
481737
472472
43422
834133
928651
762932
372904
57077
535373
531846
59164
399616
263399
202977
676098
446603
18533
790834
687882
921829
709253
133326
81745
994693
595854
394004
353928
863640
404749
107379
869007
58941
63055
49294
753875
362122
997914
8579
327565
894125
356465
618766
400837
174887
872509
112630
243101
494393
527896
282681
96464
888373
25994
302752
68987
497816
171490
232834
819914
697490
548658
972109
761019
194096
90837
690569
537647
624219
52228
721910
122548
886973
741661
170811
845688
3830
359832
945060
6104
510807
670700
821511
370245
755542
188461
566196
49920
268180
205027
958879
809340
543852
219036
635603
912494
495133
703468
959398
142884
514616
681659
63612
326990
164012
931239
31141
717024
711559
150770
301554
70658
451407
678318
92038
953575
979821
529438
83603
85286
651141
994636
325272
712499
169878
667192
823614
923867
940097
688426
6595
727937
454615
181937
957956
441583
647623
62159
660470
311812
946556
225646
286815
133505
506879
353667
750443
31125
259161
122460
981636
219072
406260
270300
831307
912226
189045
572620
359893
842368
997764
661035
889225
543788
119920
120607
158390
925101
879293
570655
171368
393588
255700
811984
99196
395445
791501
60153
14410
54236
704973
226447
247676
728946
194720
55705
989706
84076
806116
279384
672621
45429
421318
559260
990061
608725
170287
303356
106790
643282
359759
528278
855610
774255
527268
431536
833278
895770
316076
851650
839476
373035
956567
426859
259939
283724
171870
721440
887381
857619
153566
583049
7449
394199
564398
685705
10157
285574
720344
520363
491702
589022
221175
571160
466812
939469
609534
836564
981839
634951
183700
978841
851613
123290
332600
492633
68558
418753
205875
334299
979425
427793
986019
502345
39547
489678
772451
19678
135663
703839
38252
426275
850063
46580
390801
120045
847456
608880
678770
846643
209687
940302
560356
645410
246997
190742
965019
711742
561541
163887
19275
181433
461580
811577
506858
19053
797854
744372
652726
316713
867748
593566
553269
933868
199319
179875
911037
200627
546774
456681
178742
700941
272584
515608
866747
945360
789123
423359
183925
959512
496767
171711
544737
17108
620635
839227
753043
904865
115635
109275
236138
891339
445757
154478
855444
492226
397431
877820
427922
417112
527535
183000
758165
839825
456477
759770
448463
109111
557584
620437
297687
136790
516076
581568
762627
977896
972177
233944
669916
629801
487595
306705
281368
630773
74026
393448
162598
650711
839790
44387
560673
823738
25102
348237
858659
620867
781653
56761
918288
187955
212105
57521
586148
173201
597345
270809
970107
478940
547295
789519
493586
243744
466046
256923
144407
419036
178817
259110
272711
668330
278655
790073
80866
301286
412968
814930
443373
676441
877623
955024
118203
750047
196505
59688
628557
264070
216682
648888
148544
464946
88913
737592
662485
553270
107528
384686
765108
791300
831413
169633
208843
338759
581656
60962
334821
216856
759769
263606
821007
651615
226179
870347
802833
971444
140029
879657
419440
70318
251273
543735
419704
294837
130290
757456
997638
150714
156024
336536
600637
329973
270859
509834
956462
345966
223717
894113
510687
42946
893666
174579
655142
257626
17977
906030
850025
728030
413202
804346
393888
872309
545771
889462
216779
948891
619203
277015
318817
274485
467066
386558
514430
891595
157627
548428
412836
970530
9903
419417
264298
68182
43640
433301
83832
651892
974345
946472
826295
699624
201543
84184
81686
394530
841419
171995
176896
157240
368597
229666
534652
680692
25735
258937
804578
112646
668654
109573
621339
680783
813165
672031
473615
417056
426355
985471
749824
197950
361189
657888
960684
434213
280579
394042
153378
132424
715278
214138
359274
381566
214533
487951
712137
366735
566843
908530
903704
523983
267051
324450
394002
643754
54325
401692
85182
364715
707233
310301
41267
489642
474568
670738
407649
278464
926926
352538
39569
647877
33077
202056
417527
342933
422044
940766
561388
620996
966314
967665
437394
252070
79679
985982
777329
21084
106906
49703
564063
996095
614426
741454
11050
376946
154085
320892
634076
644977
151775
472806
779623
486941
361524
550837
412786
901218
766981
501638
471430
618864
492130
737089
112908
980435
214509
729626
227124
408918
764214
118959
456871
146787
811229
551021
44012
188656
392608
448701
253917
507777
846481
254565
173496
167141
973498
611843
905917
8044
201406
19817
838678
23279
402975
843684
109044
606744
358927
833028
110843
897608
531163
842278
330576
179663
929612
157005
978358
306551
783313
123184
797180
37989
985221
723057
971046
619001
383373
943794
25448
7352
953717
40955
668122
545785
92952
255123
581031
204234
335277
67495
256740
331
389118
445445
247004
611950
796004
545480
315850
658057
59804
72632
191362
450982
783368
909953
491742
189068
112134
744481
954780
168992
221684
493656
227501
797188
815440
629160
926937
157493
794572
99058
574539
146654
485466
431813
390830
461662
639401
588855
951458
375931
970214
607102
481851
612727
1278
836775
799491
334936
742315
805909
582022
348179
371033
961010
511032
984659
409746
458559
970775
994446
621930
287093
450612
13765
515898
320973
509414
326474
426525
722633
926755
236645
536832
198890
464327
210662
405489
795929
389698
791292
428895
902453
654627
711766
174649
599317
747730
38490
515063
496744
192319
438968
437123
758639
353100
56577
534440
17353
863739
364244
190384
193101
240744
105053
196152
621595
681346
968682
629915
865297
22835
760056
769950
770945
38702
571572
314359
10359
137552
725747
727073
804135
254864
431791
561547
228700
56816
805637
476837
620601
598803
677134
88564
918299
55996
990828
645919
811599
288579
663237
490686
227874
699081
870144
476835
243995
559812
372779
229881
354374
76918
868675
773367
353329
871802
5684
801312
561491
934619
150268
891907
249337
434272
306299
567722
159617
75535
204485
638171
470403
406234
189345
394545
230807
354900
70096
757473
81936
506236
544997
526842
979316
527946
393616
38448
608208
120083
402176
499709
621432
619509
569135
427266
899361
359089
727872
265496
198752
848348
421461
862540
284535
281923
683152
202084
269070
11653
85020
132528
901616
259000
561674
522507
147702
793422
836026
204809
49403
545922
44501
235118
99147
841669
314109
316381
496260
548845
746078
156670
235501
740383
508464
134165
395107
337682
379946
720303
538792
142125
872506
594909
312027
312740
658283
391653
778166
625646
266787
353507
829701
430670
352432
844857
156528
92381
479232
300200
213252
698145
924121
119725
622882
898854
217562
839599
290879
662154
235089
404626
592141
305203
898521
553414
551207
247728
633767
973121
463156
286989
686260
716817
941538
121677
937167
971959
545256
529768
816837
191988
567211
965204
263710
188033
592450
129223
823349
442900
464340
315685
427346
368336
508153
54296
195827
245164
203529
398803
462138
708779
869790
368687
334866
673877
618658
580407
165198
478346
595176
314829
982231
430551
466109
979016
702253
243875
808199
137370
810814
666132
966730
712971
79250
23943
620067
368832
135019
428092
788796
83284
549529
424859
788866
826732
918799
650808
873612
905619
853441
900219
377320
927525
349258
357340
755612
652099
485194
595131
726150
209830
501371
381960
994526
374263
379808
926244
822505
358646
423701
860070
235163
687456
432025
487540
476253
967643
281417
786579
201103
431010
68983
639612
920558
336927
842844
855752
701119
53447
913189
635095
670791
756899
786652
828723
433287
423353
323588
741072
799247
512607
57532
546218
689725
656696
864093
971969
111876
203554
821638
850965
570714
870261
949039
883937
615601
863300
418017
231208
148692
224956
824808
587300
405492
51154
497467
559421
217613
464891
536996
966607
866579
391400
86438
309607
639239
571469
964458
247865
105028
979300
953011
968254
711816
407891
363374
211058
733838
911239
190812
404524
413949
889183
676247
269287
294097
36022
941645
599794
260514
307847
604371
133963
489397
979141
697581
894629
695202
414773
835433
446496
456827
263877
606579
879768
236137
958500
702655
528185
106212
548910
89708
202506
936180
346209
899343
811594
437315
561953
15340
334450
873809
414501
434787
577061
462564
341188
180245
256388
883205
933450
104639
945102
922174
805537
372045
399849
705021
606199
299407
288445
962749
81756
290638
293659
373719
981960
180083
224509
882665
767984
246267
295817
866472
184028
368994
284783
711762
526607
746412
284280
440963
402803
918972
172796
559365
516993
545171
267221
70725
107907
393561
926920
138717
474216
2562
516731
432753
680760
126678
924747
262796
337799
193331
286434
509820
505273
262637
631428
862969
2055
732302
631988
344911
552174
164591
703939
665941
350218
739171
904406
602574
770849
68883
55006
532278
758804
65061
399064
332720
802733
11092
196295
195810
895157
671090
591975
570246
381606
450505
584546
963325
345340
936506
130764
978003
80500
42178
347893
357997
687924
96468
817022
213433
892387
876502
512590
591740
765570
930693
829058
191990
68264
604528
289680
193892
443961
937453
459708
519964
866207
761623
348977
724547
751296
584301
200792
508760
626232
31669
646673
401298
396521
348469
694755
130687
513458
258715
472196
962090
867015
757794
986223
562163
219849
65550
549134
882832
283766
172276
729150
796243
890569
846343
854222
650734
457361
368433
425269
192922
898080
529847
701261
698643
312000
401393
932458
186988
592195
278040
169876
388997
344399
668550
724858
793901
458241
345721
94851
49286
676054
730119
926527
565064
495541
951445
941352
835542
954191
335537
480280
59387
782211
10980
96563
808029
139478
825237
570159
919891
747016
78070
934825
717386
351970
33294
375219
874666
271338
909719
80305
325649
238432
722989
485909
921242
938921
345171
597372
96822
721529
66304
316019
43141
631370
664783
360315
164522
797922
837822
194023
586056
795821
109414
772984
60966
681082
861319
720541
359276
863406
813585
996204
155491
481003
215237
873263
866468
436094
974671
655958
596826
559541
880985
243041
582225
937759
73869
828294
279087
311455
226684
419514
920011
50136
129684
784415
337220
761504
252237
519991
847296
367914
821513
335793
408903
122887
655338
586016
286936
904519
257336
625020
842415
789902
85338
481406
117292
563085
2952
424642
830170
444118
550896
554571
78105
892079
769768
478045
532781
648707
114599
299818
753396
855852
735477
281995
164142
476848
664819
821186
933302
805711
22049
336085
343504
185767
908994
731730
193813
669629
588189
507623
287662
463222
25536
911949
677884
212269
268470
480338
490094
416742
347829
720733
652541
894258
384039
89450
821784
470660
550344
799047
500338
187920
432828
973013
30084
815980
164473
988067
771068
198664
862776
467841
986946
89780
694526
803242
254062
972916
100691
352467
549355
187839
386273
365660
398690
848016
579046
311791
453569
996232
570692
379639
586655
551289
875733
852289
150126
292186
540835
311634
952646
924542
763992
586899
501892
6499
634389
501840
765980
609032
245451
95964
953762
706813
199665
320593
801841
538048
715513
77144
704885
408372
699321
898154
530722
952977
669796
323029
740118
756974
169272
868217
775581
673840
127063
973299
861278
326358
109856
127417
757893
910741
983278
638999
500492
398596
845892
291185
332406
859923
154411
939053
117548
268556
371784
489014
463671
600818
184306
171886
79178
264096
39773
691959
381932
349518
264372
94281
